0.000000000000000000e+00 1.000000000000000000e+00 0.000000000000000000e+00 3.428571428571428603e-01
0.000000000000000000e+00 6.944444444444444198e-01 0.000000000000000000e+00 2.380952380952380820e-01
0.000000000000000000e+00 3.611111111111111049e-01 0.000000000000000000e+00 1.238095238095238138e-01
1.449275362318840597e-02 1.944444444444444475e-01 0.000000000000000000e+00 7.619047619047619735e-02
7.246376811594203160e-02 1.388888888888888951e-01 0.000000000000000000e+00 9.523809523809523281e-02
1.304347826086956486e-01 8.333333333333332871e-02 0.000000000000000000e+00 1.142857142857142821e-01
1.739130434782608647e-01 8.333333333333332871e-02 0.000000000000000000e+00 1.428571428571428492e-01
2.028985507246376940e-01 8.333333333333332871e-02 0.000000000000000000e+00 1.619047619047619124e-01
2.608695652173912971e-01 8.333333333333332871e-02 0.000000000000000000e+00 2.000000000000000111e-01
3.188405797101449002e-01 8.333333333333332871e-02 0.000000000000000000e+00 2.380952380952380820e-01
3.913043478260869734e-01 8.333333333333332871e-02 0.000000000000000000e+00 2.857142857142856984e-01
4.637681159420289911e-01 8.333333333333332871e-02 0.000000000000000000e+00 3.333333333333333148e-01
5.072463768115942351e-01 2.777777777777777624e-02 2.777777777777777624e-02 3.523809523809524058e-01
5.507246376811594235e-01 2.777777777777777624e-02 2.777777777777777624e-02 3.809523809523809312e-01
5.652173913043477826e-01 2.777777777777777624e-02 2.777777777777777624e-02 3.904761904761904767e-01
6.086956521739130821e-01 2.777777777777777624e-02 2.777777777777777624e-02 4.190476190476190577e-01
6.521739130434782705e-01 2.777777777777777624e-02 2.777777777777777624e-02 4.476190476190476386e-01
7.246376811594202882e-01 2.777777777777777624e-02 2.777777777777777624e-02 4.952380952380952550e-01
7.536231884057971175e-01 2.777777777777777624e-02 2.777777777777777624e-02 5.142857142857142350e-01
7.681159420289854767e-01 0.000000000000000000e+00 5.555555555555555247e-02 5.238095238095238360e-01
0.000000000000000000e+00 1.000000000000000000e+00 0.000000000000000000e+00 3.428571428571428603e-01
0.000000000000000000e+00 7.500000000000000000e-01 0.000000000000000000e+00 2.571428571428571175e-01
0.000000000000000000e+00 4.444444444444444198e-01 0.000000000000000000e+00 1.523809523809523947e-01
0.000000000000000000e+00 2.777777777777777901e-01 0.000000000000000000e+00 9.523809523809523281e-02
4.347826086956521618e-02 1.388888888888888951e-01 0.000000000000000000e+00 7.619047619047619735e-02
7.246376811594203160e-02 8.333333333333332871e-02 0.000000000000000000e+00 7.619047619047619735e-02
1.014492753623188470e-01 8.333333333333332871e-02 0.000000000000000000e+00 9.523809523809523281e-02
1.304347826086956486e-01 8.333333333333332871e-02 0.000000000000000000e+00 1.142857142857142821e-01
1.449275362318840632e-01 8.333333333333332871e-02 0.000000000000000000e+00 1.238095238095238138e-01
1.884057971014492794e-01 8.333333333333332871e-02 0.000000000000000000e+00 1.523809523809523947e-01
2.318840579710144956e-01 8.333333333333332871e-02 0.000000000000000000e+00 1.809523809523809479e-01
3.043478260869565410e-01 8.333333333333332871e-02 0.000000000000000000e+00 2.285714285714285643e-01
3.333333333333333148e-01 5.555555555555555247e-02 0.000000000000000000e+00 2.380952380952380820e-01
4.492753623188405765e-01 2.777777777777777624e-02 2.777777777777777624e-02 3.142857142857142794e-01
4.927536231884058204e-01 2.777777777777777624e-02 2.777777777777777624e-02 3.428571428571428603e-01
5.072463768115942351e-01 2.777777777777777624e-02 2.777777777777777624e-02 3.523809523809524058e-01
5.652173913043477826e-01 2.777777777777777624e-02 2.777777777777777624e-02 3.904761904761904767e-01
6.086956521739130821e-01 2.777777777777777624e-02 2.777777777777777624e-02 4.190476190476190577e-01
6.521739130434782705e-01 2.777777777777777624e-02 2.777777777777777624e-02 4.476190476190476386e-01
6.811594202898550998e-01 2.777777777777777624e-02 2.777777777777777624e-02 4.666666666666666741e-01
0.000000000000000000e+00 1.000000000000000000e+00 0.000000000000000000e+00 3.428571428571428603e-01
0.000000000000000000e+00 8.055555555555555802e-01 0.000000000000000000e+00 2.761904761904762085e-01
0.000000000000000000e+00 4.722222222222222099e-01 0.000000000000000000e+00 1.619047619047619124e-01
0.000000000000000000e+00 2.777777777777777901e-01 0.000000000000000000e+00 9.523809523809523281e-02
0.000000000000000000e+00 1.944444444444444475e-01 0.000000000000000000e+00 6.666666666666666574e-02
1.449275362318840597e-02 1.388888888888888951e-01 0.000000000000000000e+00 5.714285714285714107e-02
1.449275362318840597e-02 8.333333333333332871e-02 0.000000000000000000e+00 3.809523809523809867e-02
1.449275362318840597e-02 8.333333333333332871e-02 0.000000000000000000e+00 3.809523809523809867e-02
1.449275362318840597e-02 8.333333333333332871e-02 0.000000000000000000e+00 3.809523809523809867e-02
4.347826086956521618e-02 8.333333333333332871e-02 0.000000000000000000e+00 5.714285714285714107e-02
4.347826086956521618e-02 8.333333333333332871e-02 0.000000000000000000e+00 5.714285714285714107e-02
1.014492753623188470e-01 8.333333333333332871e-02 0.000000000000000000e+00 9.523809523809523281e-02
1.304347826086956486e-01 5.555555555555555247e-02 0.000000000000000000e+00 1.047619047619047644e-01
1.594202898550724501e-01 5.555555555555555247e-02 0.000000000000000000e+00 1.238095238095238138e-01
2.898550724637681264e-01 2.777777777777777624e-02 2.777777777777777624e-02 2.095238095238095288e-01
3.333333333333333148e-01 2.777777777777777624e-02 2.777777777777777624e-02 2.380952380952380820e-01
3.768115942028985588e-01 2.777777777777777624e-02 2.777777777777777624e-02 2.666666666666666630e-01
4.347826086956521618e-01 2.777777777777777624e-02 2.777777777777777624e-02 3.047619047619047894e-01
4.782608695652174058e-01 2.777777777777777624e-02 2.777777777777777624e-02 3.333333333333333148e-01
5.217391304347825942e-01 2.777777777777777624e-02 2.777777777777777624e-02 3.619047619047618958e-01
0.000000000000000000e+00 1.000000000000000000e+00 0.000000000000000000e+00 3.428571428571428603e-01
0.000000000000000000e+00 8.333333333333333703e-01 0.000000000000000000e+00 2.857142857142856984e-01
0.000000000000000000e+00 5.833333333333333703e-01 0.000000000000000000e+00 2.000000000000000111e-01
0.000000000000000000e+00 3.888888888888888951e-01 0.000000000000000000e+00 1.333333333333333315e-01
0.000000000000000000e+00 1.944444444444444475e-01 0.000000000000000000e+00 6.666666666666666574e-02
0.000000000000000000e+00 1.388888888888888951e-01 0.000000000000000000e+00 4.761904761904761640e-02
0.000000000000000000e+00 8.333333333333332871e-02 0.000000000000000000e+00 2.857142857142857054e-02
0.000000000000000000e+00 8.333333333333332871e-02 0.000000000000000000e+00 2.857142857142857054e-02
0.000000000000000000e+00 8.333333333333332871e-02 0.000000000000000000e+00 2.857142857142857054e-02
0.000000000000000000e+00 8.333333333333332871e-02 0.000000000000000000e+00 2.857142857142857054e-02
0.000000000000000000e+00 8.333333333333332871e-02 0.000000000000000000e+00 2.857142857142857054e-02
0.000000000000000000e+00 8.333333333333332871e-02 0.000000000000000000e+00 2.857142857142857054e-02
0.000000000000000000e+00 5.555555555555555247e-02 0.000000000000000000e+00 1.904761904761904934e-02
1.449275362318840597e-02 5.555555555555555247e-02 0.000000000000000000e+00 2.857142857142857054e-02
1.449275362318840597e-02 2.777777777777777624e-02 2.777777777777777624e-02 2.857142857142857054e-02
8.695652173913043237e-02 2.777777777777777624e-02 2.777777777777777624e-02 7.619047619047619735e-02
1.449275362318840632e-01 2.777777777777777624e-02 2.777777777777777624e-02 1.142857142857142821e-01
1.594202898550724501e-01 2.777777777777777624e-02 2.777777777777777624e-02 1.238095238095238138e-01
1.594202898550724501e-01 2.777777777777777624e-02 2.777777777777777624e-02 1.238095238095238138e-01
2.318840579710144956e-01 2.777777777777777624e-02 2.777777777777777624e-02 1.714285714285714302e-01
0.000000000000000000e+00 1.000000000000000000e+00 0.000000000000000000e+00 3.428571428571428603e-01
0.000000000000000000e+00 8.611111111111111605e-01 0.000000000000000000e+00 2.952380952380952439e-01
0.000000000000000000e+00 6.111111111111111605e-01 0.000000000000000000e+00 2.095238095238095288e-01
0.000000000000000000e+00 4.166666666666666852e-01 0.000000000000000000e+00 1.428571428571428492e-01
0.000000000000000000e+00 2.222222222222222099e-01 0.000000000000000000e+00 7.619047619047619735e-02
0.000000000000000000e+00 1.944444444444444475e-01 0.000000000000000000e+00 6.666666666666666574e-02
0.000000000000000000e+00 1.666666666666666574e-01 0.000000000000000000e+00 5.714285714285714107e-02
0.000000000000000000e+00 1.388888888888888951e-01 0.000000000000000000e+00 4.761904761904761640e-02
0.000000000000000000e+00 8.333333333333332871e-02 0.000000000000000000e+00 2.857142857142857054e-02
0.000000000000000000e+00 8.333333333333332871e-02 0.000000000000000000e+00 2.857142857142857054e-02
0.000000000000000000e+00 8.333333333333332871e-02 0.000000000000000000e+00 2.857142857142857054e-02
0.000000000000000000e+00 8.333333333333332871e-02 0.000000000000000000e+00 2.857142857142857054e-02
0.000000000000000000e+00 5.555555555555555247e-02 0.000000000000000000e+00 1.904761904761904934e-02
0.000000000000000000e+00 5.555555555555555247e-02 0.000000000000000000e+00 1.904761904761904934e-02
0.000000000000000000e+00 5.555555555555555247e-02 0.000000000000000000e+00 1.904761904761904934e-02
4.347826086956521618e-02 2.777777777777777624e-02 2.777777777777777624e-02 4.761904761904761640e-02
5.797101449275362389e-02 2.777777777777777624e-02 2.777777777777777624e-02 5.714285714285714107e-02
8.695652173913043237e-02 2.777777777777777624e-02 2.777777777777777624e-02 7.619047619047619735e-02
1.304347826086956486e-01 2.777777777777777624e-02 2.777777777777777624e-02 1.047619047619047644e-01
1.739130434782608647e-01 2.777777777777777624e-02 2.777777777777777624e-02 1.333333333333333315e-01
0.000000000000000000e+00 1.000000000000000000e+00 0.000000000000000000e+00 3.428571428571428603e-01
0.000000000000000000e+00 9.166666666666666297e-01 0.000000000000000000e+00 3.142857142857142794e-01
0.000000000000000000e+00 6.388888888888888395e-01 0.000000000000000000e+00 2.190476190476190466e-01
0.000000000000000000e+00 4.444444444444444198e-01 0.000000000000000000e+00 1.523809523809523947e-01
0.000000000000000000e+00 3.055555555555555802e-01 0.000000000000000000e+00 1.047619047619047644e-01
0.000000000000000000e+00 1.944444444444444475e-01 0.000000000000000000e+00 6.666666666666666574e-02
0.000000000000000000e+00 1.666666666666666574e-01 0.000000000000000000e+00 5.714285714285714107e-02
0.000000000000000000e+00 1.388888888888888951e-01 0.000000000000000000e+00 4.761904761904761640e-02
0.000000000000000000e+00 1.111111111111111049e-01 0.000000000000000000e+00 3.809523809523809867e-02
0.000000000000000000e+00 1.111111111111111049e-01 0.000000000000000000e+00 3.809523809523809867e-02
0.000000000000000000e+00 1.111111111111111049e-01 0.000000000000000000e+00 3.809523809523809867e-02
0.000000000000000000e+00 8.333333333333332871e-02 0.000000000000000000e+00 2.857142857142857054e-02
0.000000000000000000e+00 5.555555555555555247e-02 0.000000000000000000e+00 1.904761904761904934e-02
0.000000000000000000e+00 5.555555555555555247e-02 0.000000000000000000e+00 1.904761904761904934e-02
0.000000000000000000e+00 5.555555555555555247e-02 0.000000000000000000e+00 1.904761904761904934e-02
2.898550724637681195e-02 2.777777777777777624e-02 2.777777777777777624e-02 3.809523809523809867e-02
2.898550724637681195e-02 2.777777777777777624e-02 2.777777777777777624e-02 3.809523809523809867e-02
7.246376811594203160e-02 2.777777777777777624e-02 2.777777777777777624e-02 6.666666666666666574e-02
1.014492753623188470e-01 2.777777777777777624e-02 2.777777777777777624e-02 8.571428571428571508e-02
1.594202898550724501e-01 2.777777777777777624e-02 2.777777777777777624e-02 1.238095238095238138e-01
0.000000000000000000e+00 1.000000000000000000e+00 0.000000000000000000e+00 3.428571428571428603e-01
0.000000000000000000e+00 9.166666666666666297e-01 0.000000000000000000e+00 3.142857142857142794e-01
0.000000000000000000e+00 7.500000000000000000e-01 0.000000000000000000e+00 2.571428571428571175e-01
0.000000000000000000e+00 5.277777777777777901e-01 0.000000000000000000e+00 1.809523809523809479e-01
0.000000000000000000e+00 3.333333333333333148e-01 0.000000000000000000e+00 1.142857142857142821e-01
0.000000000000000000e+00 2.222222222222222099e-01 0.000000000000000000e+00 7.619047619047619735e-02
0.000000000000000000e+00 1.944444444444444475e-01 0.000000000000000000e+00 6.666666666666666574e-02
0.000000000000000000e+00 1.388888888888888951e-01 0.000000000000000000e+00 4.761904761904761640e-02
0.000000000000000000e+00 1.388888888888888951e-01 0.000000000000000000e+00 4.761904761904761640e-02
0.000000000000000000e+00 1.111111111111111049e-01 0.000000000000000000e+00 3.809523809523809867e-02
0.000000000000000000e+00 1.111111111111111049e-01 0.000000000000000000e+00 3.809523809523809867e-02
0.000000000000000000e+00 8.333333333333332871e-02 0.000000000000000000e+00 2.857142857142857054e-02
0.000000000000000000e+00 5.555555555555555247e-02 0.000000000000000000e+00 1.904761904761904934e-02
0.000000000000000000e+00 5.555555555555555247e-02 0.000000000000000000e+00 1.904761904761904934e-02
0.000000000000000000e+00 5.555555555555555247e-02 0.000000000000000000e+00 1.904761904761904934e-02
0.000000000000000000e+00 2.777777777777777624e-02 2.777777777777777624e-02 1.904761904761904934e-02
0.000000000000000000e+00 2.777777777777777624e-02 2.777777777777777624e-02 1.904761904761904934e-02
4.347826086956521618e-02 2.777777777777777624e-02 2.777777777777777624e-02 4.761904761904761640e-02
4.347826086956521618e-02 2.777777777777777624e-02 2.777777777777777624e-02 4.761904761904761640e-02
1.159420289855072478e-01 2.777777777777777624e-02 2.777777777777777624e-02 9.523809523809523281e-02
