0.000000000000000000e+00 1.000000000000000000e+00 0.000000000000000000e+00 3.428571428571428603e-01
1.449275362318840597e-02 8.611111111111111605e-01 0.000000000000000000e+00 3.047619047619047894e-01
4.347826086956521618e-02 5.833333333333333703e-01 0.000000000000000000e+00 2.285714285714285643e-01
5.797101449275362389e-02 3.611111111111111049e-01 0.000000000000000000e+00 1.619047619047619124e-01
1.014492753623188470e-01 2.222222222222222099e-01 0.000000000000000000e+00 1.428571428571428492e-01
1.449275362318840632e-01 1.666666666666666574e-01 0.000000000000000000e+00 1.523809523809523947e-01
2.173913043478260809e-01 1.388888888888888951e-01 0.000000000000000000e+00 1.904761904761904656e-01
3.188405797101449002e-01 8.333333333333332871e-02 0.000000000000000000e+00 2.380952380952380820e-01
4.057971014492753881e-01 2.777777777777777624e-02 0.000000000000000000e+00 2.761904761904762085e-01
4.637681159420289911e-01 2.777777777777777624e-02 0.000000000000000000e+00 3.142857142857142794e-01
5.362318840579710644e-01 0.000000000000000000e+00 2.777777777777777624e-02 3.619047619047618958e-01
6.376811594202898004e-01 0.000000000000000000e+00 2.777777777777777624e-02 4.285714285714285476e-01
7.101449275362319291e-01 0.000000000000000000e+00 2.777777777777777624e-02 4.761904761904761640e-01
7.681159420289854767e-01 0.000000000000000000e+00 2.777777777777777624e-02 5.142857142857142350e-01
8.115942028985507761e-01 0.000000000000000000e+00 2.777777777777777624e-02 5.428571428571428159e-01
8.550724637681159646e-01 0.000000000000000000e+00 2.777777777777777624e-02 5.714285714285713969e-01
8.550724637681159646e-01 0.000000000000000000e+00 2.777777777777777624e-02 5.714285714285713969e-01
9.420289855072463414e-01 0.000000000000000000e+00 2.777777777777777624e-02 6.285714285714285587e-01
1.000000000000000000e+00 0.000000000000000000e+00 2.777777777777777624e-02 6.666666666666666297e-01
1.000000000000000000e+00 0.000000000000000000e+00 2.777777777777777624e-02 6.666666666666666297e-01
0.000000000000000000e+00 1.000000000000000000e+00 0.000000000000000000e+00 3.428571428571428603e-01
0.000000000000000000e+00 9.444444444444444198e-01 0.000000000000000000e+00 3.238095238095238249e-01
0.000000000000000000e+00 6.944444444444444198e-01 0.000000000000000000e+00 2.380952380952380820e-01
0.000000000000000000e+00 4.722222222222222099e-01 0.000000000000000000e+00 1.619047619047619124e-01
0.000000000000000000e+00 3.055555555555555802e-01 0.000000000000000000e+00 1.047619047619047644e-01
0.000000000000000000e+00 1.944444444444444475e-01 0.000000000000000000e+00 6.666666666666666574e-02
0.000000000000000000e+00 1.944444444444444475e-01 0.000000000000000000e+00 6.666666666666666574e-02
0.000000000000000000e+00 1.111111111111111049e-01 0.000000000000000000e+00 3.809523809523809867e-02
0.000000000000000000e+00 5.555555555555555247e-02 0.000000000000000000e+00 1.904761904761904934e-02
0.000000000000000000e+00 2.777777777777777624e-02 0.000000000000000000e+00 9.523809523809524669e-03
1.449275362318840597e-02 2.777777777777777624e-02 0.000000000000000000e+00 1.904761904761904934e-02
4.347826086956521618e-02 2.777777777777777624e-02 0.000000000000000000e+00 3.809523809523809867e-02
5.797101449275362389e-02 2.777777777777777624e-02 0.000000000000000000e+00 4.761904761904761640e-02
7.246376811594203160e-02 2.777777777777777624e-02 0.000000000000000000e+00 5.714285714285714107e-02
8.695652173913043237e-02 2.777777777777777624e-02 0.000000000000000000e+00 6.666666666666666574e-02
1.739130434782608647e-01 2.777777777777777624e-02 0.000000000000000000e+00 1.238095238095238138e-01
2.173913043478260809e-01 0.000000000000000000e+00 0.000000000000000000e+00 1.428571428571428492e-01
2.608695652173912971e-01 0.000000000000000000e+00 0.000000000000000000e+00 1.714285714285714302e-01
2.898550724637681264e-01 0.000000000000000000e+00 0.000000000000000000e+00 1.904761904761904656e-01
3.478260869565217295e-01 0.000000000000000000e+00 0.000000000000000000e+00 2.285714285714285643e-01
0.000000000000000000e+00 1.000000000000000000e+00 0.000000000000000000e+00 3.428571428571428603e-01
0.000000000000000000e+00 9.722222222222222099e-01 0.000000000000000000e+00 3.333333333333333148e-01
0.000000000000000000e+00 7.500000000000000000e-01 0.000000000000000000e+00 2.571428571428571175e-01
0.000000000000000000e+00 5.000000000000000000e-01 0.000000000000000000e+00 1.714285714285714302e-01
0.000000000000000000e+00 3.055555555555555802e-01 0.000000000000000000e+00 1.047619047619047644e-01
0.000000000000000000e+00 2.500000000000000000e-01 0.000000000000000000e+00 8.571428571428571508e-02
0.000000000000000000e+00 2.222222222222222099e-01 0.000000000000000000e+00 7.619047619047619735e-02
0.000000000000000000e+00 1.666666666666666574e-01 0.000000000000000000e+00 5.714285714285714107e-02
0.000000000000000000e+00 1.111111111111111049e-01 0.000000000000000000e+00 3.809523809523809867e-02
0.000000000000000000e+00 2.777777777777777624e-02 0.000000000000000000e+00 9.523809523809524669e-03
0.000000000000000000e+00 2.777777777777777624e-02 0.000000000000000000e+00 9.523809523809524669e-03
0.000000000000000000e+00 2.777777777777777624e-02 0.000000000000000000e+00 9.523809523809524669e-03
0.000000000000000000e+00 2.777777777777777624e-02 0.000000000000000000e+00 9.523809523809524669e-03
1.449275362318840597e-02 2.777777777777777624e-02 0.000000000000000000e+00 1.904761904761904934e-02
2.898550724637681195e-02 2.777777777777777624e-02 0.000000000000000000e+00 2.857142857142857054e-02
7.246376811594203160e-02 2.777777777777777624e-02 0.000000000000000000e+00 5.714285714285714107e-02
1.159420289855072478e-01 0.000000000000000000e+00 0.000000000000000000e+00 7.619047619047619735e-02
1.594202898550724501e-01 0.000000000000000000e+00 0.000000000000000000e+00 1.047619047619047644e-01
2.173913043478260809e-01 0.000000000000000000e+00 0.000000000000000000e+00 1.428571428571428492e-01
2.463768115942029102e-01 0.000000000000000000e+00 0.000000000000000000e+00 1.619047619047619124e-01
0.000000000000000000e+00 1.000000000000000000e+00 0.000000000000000000e+00 3.428571428571428603e-01
0.000000000000000000e+00 9.722222222222222099e-01 0.000000000000000000e+00 3.333333333333333148e-01
0.000000000000000000e+00 8.611111111111111605e-01 0.000000000000000000e+00 2.952380952380952439e-01
0.000000000000000000e+00 6.666666666666666297e-01 0.000000000000000000e+00 2.285714285714285643e-01
0.000000000000000000e+00 4.722222222222222099e-01 0.000000000000000000e+00 1.619047619047619124e-01
0.000000000000000000e+00 3.888888888888888951e-01 0.000000000000000000e+00 1.333333333333333315e-01
0.000000000000000000e+00 2.777777777777777901e-01 0.000000000000000000e+00 9.523809523809523281e-02
0.000000000000000000e+00 1.944444444444444475e-01 0.000000000000000000e+00 6.666666666666666574e-02
0.000000000000000000e+00 1.388888888888888951e-01 0.000000000000000000e+00 4.761904761904761640e-02
0.000000000000000000e+00 1.111111111111111049e-01 0.000000000000000000e+00 3.809523809523809867e-02
0.000000000000000000e+00 2.777777777777777624e-02 0.000000000000000000e+00 9.523809523809524669e-03
0.000000000000000000e+00 2.777777777777777624e-02 0.000000000000000000e+00 9.523809523809524669e-03
0.000000000000000000e+00 2.777777777777777624e-02 0.000000000000000000e+00 9.523809523809524669e-03
0.000000000000000000e+00 2.777777777777777624e-02 0.000000000000000000e+00 9.523809523809524669e-03
0.000000000000000000e+00 2.777777777777777624e-02 0.000000000000000000e+00 9.523809523809524669e-03
0.000000000000000000e+00 2.777777777777777624e-02 0.000000000000000000e+00 9.523809523809524669e-03
1.449275362318840597e-02 2.777777777777777624e-02 0.000000000000000000e+00 1.904761904761904934e-02
4.347826086956521618e-02 2.777777777777777624e-02 0.000000000000000000e+00 3.809523809523809867e-02
7.246376811594203160e-02 0.000000000000000000e+00 0.000000000000000000e+00 4.761904761904761640e-02
7.246376811594203160e-02 0.000000000000000000e+00 0.000000000000000000e+00 4.761904761904761640e-02
0.000000000000000000e+00 1.000000000000000000e+00 0.000000000000000000e+00 3.428571428571428603e-01
0.000000000000000000e+00 9.722222222222222099e-01 0.000000000000000000e+00 3.333333333333333148e-01
0.000000000000000000e+00 8.888888888888888395e-01 0.000000000000000000e+00 3.047619047619047894e-01
0.000000000000000000e+00 7.777777777777777901e-01 0.000000000000000000e+00 2.666666666666666630e-01
0.000000000000000000e+00 5.833333333333333703e-01 0.000000000000000000e+00 2.000000000000000111e-01
0.000000000000000000e+00 4.166666666666666852e-01 0.000000000000000000e+00 1.428571428571428492e-01
0.000000000000000000e+00 3.888888888888888951e-01 0.000000000000000000e+00 1.333333333333333315e-01
0.000000000000000000e+00 2.500000000000000000e-01 0.000000000000000000e+00 8.571428571428571508e-02
0.000000000000000000e+00 1.944444444444444475e-01 0.000000000000000000e+00 6.666666666666666574e-02
0.000000000000000000e+00 1.388888888888888951e-01 0.000000000000000000e+00 4.761904761904761640e-02
0.000000000000000000e+00 5.555555555555555247e-02 0.000000000000000000e+00 1.904761904761904934e-02
0.000000000000000000e+00 2.777777777777777624e-02 0.000000000000000000e+00 9.523809523809524669e-03
0.000000000000000000e+00 2.777777777777777624e-02 0.000000000000000000e+00 9.523809523809524669e-03
0.000000000000000000e+00 2.777777777777777624e-02 0.000000000000000000e+00 9.523809523809524669e-03
0.000000000000000000e+00 2.777777777777777624e-02 0.000000000000000000e+00 9.523809523809524669e-03
0.000000000000000000e+00 2.777777777777777624e-02 0.000000000000000000e+00 9.523809523809524669e-03
0.000000000000000000e+00 2.777777777777777624e-02 0.000000000000000000e+00 9.523809523809524669e-03
0.000000000000000000e+00 2.777777777777777624e-02 0.000000000000000000e+00 9.523809523809524669e-03
2.898550724637681195e-02 2.777777777777777624e-02 0.000000000000000000e+00 2.857142857142857054e-02
5.797101449275362389e-02 0.000000000000000000e+00 0.000000000000000000e+00 3.809523809523809867e-02
0.000000000000000000e+00 1.000000000000000000e+00 0.000000000000000000e+00 3.428571428571428603e-01
0.000000000000000000e+00 1.000000000000000000e+00 0.000000000000000000e+00 3.428571428571428603e-01
0.000000000000000000e+00 9.166666666666666297e-01 0.000000000000000000e+00 3.142857142857142794e-01
0.000000000000000000e+00 8.333333333333333703e-01 0.000000000000000000e+00 2.857142857142856984e-01
0.000000000000000000e+00 6.944444444444444198e-01 0.000000000000000000e+00 2.380952380952380820e-01
0.000000000000000000e+00 5.000000000000000000e-01 0.000000000000000000e+00 1.714285714285714302e-01
0.000000000000000000e+00 4.166666666666666852e-01 0.000000000000000000e+00 1.428571428571428492e-01
0.000000000000000000e+00 3.333333333333333148e-01 0.000000000000000000e+00 1.142857142857142821e-01
0.000000000000000000e+00 3.055555555555555802e-01 0.000000000000000000e+00 1.047619047619047644e-01
0.000000000000000000e+00 1.666666666666666574e-01 0.000000000000000000e+00 5.714285714285714107e-02
0.000000000000000000e+00 1.111111111111111049e-01 0.000000000000000000e+00 3.809523809523809867e-02
0.000000000000000000e+00 8.333333333333332871e-02 0.000000000000000000e+00 2.857142857142857054e-02
0.000000000000000000e+00 5.555555555555555247e-02 0.000000000000000000e+00 1.904761904761904934e-02
0.000000000000000000e+00 2.777777777777777624e-02 0.000000000000000000e+00 9.523809523809524669e-03
0.000000000000000000e+00 2.777777777777777624e-02 0.000000000000000000e+00 9.523809523809524669e-03
0.000000000000000000e+00 2.777777777777777624e-02 0.000000000000000000e+00 9.523809523809524669e-03
0.000000000000000000e+00 2.777777777777777624e-02 0.000000000000000000e+00 9.523809523809524669e-03
0.000000000000000000e+00 2.777777777777777624e-02 0.000000000000000000e+00 9.523809523809524669e-03
0.000000000000000000e+00 2.777777777777777624e-02 0.000000000000000000e+00 9.523809523809524669e-03
2.898550724637681195e-02 2.777777777777777624e-02 0.000000000000000000e+00 2.857142857142857054e-02
0.000000000000000000e+00 1.000000000000000000e+00 0.000000000000000000e+00 3.428571428571428603e-01
0.000000000000000000e+00 1.000000000000000000e+00 0.000000000000000000e+00 3.428571428571428603e-01
0.000000000000000000e+00 9.444444444444444198e-01 0.000000000000000000e+00 3.238095238095238249e-01
0.000000000000000000e+00 8.611111111111111605e-01 0.000000000000000000e+00 2.952380952380952439e-01
0.000000000000000000e+00 7.777777777777777901e-01 0.000000000000000000e+00 2.666666666666666630e-01
0.000000000000000000e+00 5.555555555555555802e-01 0.000000000000000000e+00 1.904761904761904656e-01
0.000000000000000000e+00 4.444444444444444198e-01 0.000000000000000000e+00 1.523809523809523947e-01
0.000000000000000000e+00 4.166666666666666852e-01 0.000000000000000000e+00 1.428571428571428492e-01
0.000000000000000000e+00 3.333333333333333148e-01 0.000000000000000000e+00 1.142857142857142821e-01
0.000000000000000000e+00 2.500000000000000000e-01 0.000000000000000000e+00 8.571428571428571508e-02
0.000000000000000000e+00 1.944444444444444475e-01 0.000000000000000000e+00 6.666666666666666574e-02
0.000000000000000000e+00 8.333333333333332871e-02 0.000000000000000000e+00 2.857142857142857054e-02
0.000000000000000000e+00 8.333333333333332871e-02 0.000000000000000000e+00 2.857142857142857054e-02
0.000000000000000000e+00 2.777777777777777624e-02 0.000000000000000000e+00 9.523809523809524669e-03
0.000000000000000000e+00 2.777777777777777624e-02 0.000000000000000000e+00 9.523809523809524669e-03
0.000000000000000000e+00 2.777777777777777624e-02 0.000000000000000000e+00 9.523809523809524669e-03
0.000000000000000000e+00 2.777777777777777624e-02 0.000000000000000000e+00 9.523809523809524669e-03
0.000000000000000000e+00 2.777777777777777624e-02 0.000000000000000000e+00 9.523809523809524669e-03
0.000000000000000000e+00 2.777777777777777624e-02 0.000000000000000000e+00 9.523809523809524669e-03
2.898550724637681195e-02 2.777777777777777624e-02 0.000000000000000000e+00 2.857142857142857054e-02
